0.0 0.08219603748489418 0.08993486961306639 0.0976737017412386 0.10541253386941081 0.11315136599758302 0.12089019812575523 0.12862903025392747 0.13636786238209966 0.1441066945102719 0.1518455266384441 
0.15958435876661634 0.15958435876661634 0.20890198125755285 0.21664081338572508 0.2243796455138973 0.23211847764206953 0.23985730977024172 0.24759614189841395 0.25533497402658617 0.2630738061547584 
0.2708126382829306 0.27855147041110284 0.28629030253927507 0.28629030253927507 0.36848634002416925 0.4506823775090634 0.45842120963723565 0.4661600417654079 0.4738988738935801 0.4816377060217523 
0.48937653814992454 0.49711537027809677 0.504854202406269 0.5125930345344412 0.5203318666626133 0.5280706987907855 0.5280706987907855 0.577388321281722 0.5851271534098942 0.5928659855380664 
0.6006048176662385 0.6083436497944107 0.616082481922583 0.6238213140507551 0.6315601461789273 0.6392989783070995 0.6470378104352716 0.6547766425634439 0.6547766425634439 0.9999999999999996 


0.0 0 0.0,
0.0 0 5.0,
0.03693497821458669 0 5.469303395120693,
0.14683045111453952 0 5.927050983124842,
0.3269804274348962 0 6.36197149921864,
0.5729490168751576 0 6.763355756877419,
0.8786796564403572 0 7.121320343559642,
1.2366442431225806 0 7.427050983124842,
1.6380285007813595 0 7.673019572565103,
2.0729490168751576 0 7.853169548885461,
2.5306966048793074 0 7.963065021785413,
3.0 0 8.0,
3.0 0 8.0,
6.0 0 8.0,
6.469303395120693 0 8.036934978214587,
6.927050983124842 0 8.146830451114539,
7.36197149921864 0 8.326980427434897,
7.763355756877419 0 8.572949016875157,
8.121320343559642 0 8.878679656440358,
8.427050983124843 0 9.23664424312258,
8.673019572565103 0 9.63802850078136,
8.853169548885461 0 10.072949016875157,
8.963065021785413 0 10.530696604879306,
9.0 0 11.0,
9.0 0 11.0,
9.0 0 16.0,
9.0 0 21.0,
8.963065021785413 0 21.469303395120694,
8.853169548885461 0 21.927050983124843,
8.673019572565103 0 22.36197149921864,
8.427050983124843 0 22.76335575687742,
8.121320343559642 0 23.121320343559642,
7.763355756877419 0 23.427050983124843,
7.36197149921864 0 23.673019572565103,
6.927050983124842 0 23.85316954888546,
6.469303395120693 0 23.963065021785415,
6.0 0 24.0,
6.0 0 24.0,
3.0 0 24.0,
2.5306966048793074 0 23.963065021785415,
2.0729490168751576 0 23.85316954888546,
1.6380285007813598 0 23.673019572565103,
1.2366442431225806 0 23.427050983124843,
0.8786796564403576 0 23.121320343559642,
0.5729490168751576 0 22.76335575687742,
0.32698042743489664 0 22.36197149921864,
0.14683045111453952 0 21.927050983124843,
0.03693497821458669 0 21.469303395120694,
0.0 0 21.0,
0.0 0 21.0,




0.08219603748489418 0.15958435876661634 0.15958435876661634 0.20890198125755285 0.28629030253927507 0.28629030253927507 0.36848634002416925 0.4506823775090634 0.5280706987907855 0.5280706987907855 0.577388321281722 

0.6547766425634439 0.6547766425634439 

0 1 0 0.0,
0 1 0 1.5707963267948966,
0 1 0 1.5707963267948966,
0 1 0 1.5707963267948966,
0 1 0 0.0,
0 1 0 0.0,
0 1 0 0.0,
0 1 0 0.0,
0 1 0 -1.5707963267948966,
0 1 0 -1.5707963267948966,
0 1 0 -1.5707963267948966,
0 1 0 -3.141592653589793,
0 1 0 -3.141592653589793,
